69.0
65.33333333333333
50.666666666666664
73.66666666666667
65.0
72.0
46.666666666666664
65.66666666666667
70.66666666666667
74.33333333333333
66.33333333333333
84.0
74.66666666666667
88.33333333333333
46.0
70.66666666666667
48.333333333333336
58.333333333333336
64.33333333333333
76.33333333333333
79.0
58.0
67.66666666666667
69.66666666666667
59.666666666666664
73.33333333333333
88.0
80.0
50.666666666666664
69.0
59.0
60.666666666666664
65.33333333333333
66.0
72.33333333333333
81.66666666666667
78.66666666666667
46.333333333333336
26.666666666666668
57.0
31.333333333333332
63.0
66.66666666666667
67.33333333333333
42.0
72.33333333333333
72.0
72.33333333333333
57.0
79.33333333333333
63.0
72.33333333333333
37.0
74.66666666666667
70.66666666666667
44.0
62.0
69.33333333333333
51.666666666666664
48.0
60.333333333333336
69.0
73.0
60.0
62.0
56.0
55.0
77.66666666666667
62.333333333333336
50.333333333333336
94.0
44.666666666666664
73.33333333333333
46.0
44.666666666666664
80.0
72.0
71.33333333333333
72.66666666666667
89.0
52.666666666666664
54.0
26.0
49.0
48.666666666666664
40.666666666666664
68.0
62.666666666666664
61.333333333333336
43.333333333333336
77.66666666666667
72.33333333333333
55.666666666666664
75.33333333333333
60.333333333333336
66.33333333333333
70.0
72.33333333333333
34.666666666666664
43.0
89.66666666666667
65.0
63.333333333333336
49.666666666666664
65.66666666666667
74.66666666666667
40.666666666666664
68.33333333333333
45.333333333333336
62.0
42.0
54.0
51.333333333333336
67.0
48.666666666666664
58.0
49.333333333333336
56.333333333333336
54.0
50.333333333333336
68.66666666666667
69.0
63.666666666666664
70.33333333333333
65.66666666666667
77.66666666666667
49.333333333333336
47.0
56.333333333333336
85.0
42.666666666666664
53.0
68.0
54.666666666666664
64.0
48.0
45.0
69.66666666666667
55.333333333333336
56.666666666666664
72.0
70.66666666666667
61.333333333333336
48.0
52.333333333333336
48.666666666666664
63.333333333333336
52.666666666666664
66.33333333333333
53.666666666666664
64.66666666666667
52.333333333333336
56.666666666666664
66.66666666666667
49.666666666666664
43.666666666666664
71.66666666666667
65.66666666666667
32.666666666666664
69.66666666666667
63.333333333333336
58.333333333333336
55.333333333333336
37.666666666666664
70.0
87.66666666666667
56.666666666666664
79.33333333333333
56.0
57.333333333333336
53.0
59.666666666666664
73.33333333333333
76.33333333333333
72.66666666666667
50.0
61.333333333333336
59.333333333333336
64.66666666666667
66.0
63.333333333333336
47.666666666666664
71.33333333333333
57.333333333333336
62.21739130434783 61.98913043478261 60.47826086956522